1047969464
1049273528
1044385384
1047977240
1053718935
1052342277
1053709239
1055221968
1055240613
1064415305
1062755779
1065437523
1064400234
1067588044
1065449881
1081079981
1081090969
1093642839
1090803859
1086200042
1090800639
1087720624
1089296550
1095138995
1093638203
1096620314
1092283837
1099598937
1104052767
1098119201
1104058216
1105543760
1109680280
1111013640
1115077618
1108334384
1123100019
1108335514
1112302803
1115086689
1121406444
1118327332
1116941914
1118324999 
1124507277
1119946360
1125937457
1130113579
1128520325
1139846596
1152632711